746
107
118
147
144
113
45
148
170
65
96
161
147
20
81
20
93
180
97
66
166
93
194
178
111
98
187
106
59
101
116
39
14
34
136
91
56
160
112
137
78
198
125
22
41
145
155
158
134
174
168
125
94
130
104
114
117
59
193
96
33
99
105
65
178
182
99
199
133
30
71
94
85
80
131
51
171
122
152
106
50
6
121
187
15
101
52
90
126
188
41
124
198
42
35
179
133
53
90
200
57
94
57
15
82
75
137
55
191
128
192
175
103
188
84
138
100
181
195
26
161
22
152
118
4
25
25
163
153
167
110
45
38
122
48
174
154
105
190
117
155
117
102
96
197
199
155
163
180
19
197
80
173
114
97
135
56
66
170
30
172
139
144
186
95
52
39
146
33
45
45
89
91
147
21
41
112
97
52
154
159
127
147
102
2
86
66
183
111
115
139
124
190
188
96
118
146
69
175
2
155
103
49
44
31
65
127
29
173
157
186
39
156
150
120
199
178
78
17
27
19
122
130
184
137
135
81
192
188
20
86
91
60
1
92
171
163
163
75
134
15
144
47
193
119
168
92
105
45
145
189
28
83
87
12
109
194
162
152
177
116
112
9
178
108
102
50
38
63
187
182
70
17
31
127
141
64
152
63
52
132
172
199
92
178
196
134
5
62
134
87
56
23
23
64
128
95
106
162
41
152
46
1
26
14
189
19
27
101
141
101
92
27
138
171
155
22
176
127
177
136
90
17
91
11
78
50
188
15
5
182
66
36
109
105
145
106
12
168
200
145
152
161
154
67
160
45
70
100
3
171
136
77
3
12
83
195
48
187
178
99
20
156
116
150
86
108
30
131
115
106
22
111
3
21
23
73
159
78
153
84
43
4
144
14
188
122
176
81
7
45
85
156
167
58
111
48
108
131
108
125
96
81
154
82
124
46
123
53
173
154
99
112
139
129
177
83
197
137
42
40
156
124
110
185
46
63
167
97
70
90
90
7
107
80
43
12
56
143
182
108
66
91
18
117
63
182
138
100
116
13
49
184
184
46
141
142
166
55
118
103
107
137
114
182
122
127
174
138
191
14
51
157
119
200
110
108
48
182
159
23
82
181
112
77
10
137
196
182
53
42
190
164
144
103
72
176
165
123
198
10
39
171
131
133
159
91
70
100
10
15
54
176
55
184
30
199
170
119
171
88
183
42
65
123
72
174
31
108
85
74
58
178
75
158
3
183
66
177
81
55
157
189
3
59
39
135
47
99
169
139
40
23
185
2
174
123
107
140
79
171
170
58
190
178
141
45
139
112
93
198
185
11
33
90
161
116
113
75
105
109
105
158
138
179
85
10
87
77
184
76
14
73
27
38
160
137
147
109
62
173
59
44
155
80
39
16
2
28
129
177
126
131
194
14
90
18
47
83
5
96
154
29
127
51
77
156
126
135
179
166
43
129
170
181
164
89
59
172
37
87
56
54
38
44
120
110
168
121
195
6
115
110
51
62
72
14
172
65
35
68
42
13
24
149
144
54
141
95
74
138
20
166
11
172
176
109
68
72
91
117
33
54
121
30
52
124
108
133
179
151
16
76
182
68
75
113
10
98
66
108
24
97
46
128
120
65
51
110
23
68
86
100
58
17
36
76
175
86
1
113
95
115
87
72
63
20
10
178
101
164
128
132
114
148
80
61
79
183
111
92
85
15
193
107
126
171
